20
3 4
16 -1 24
16  8  8
-1 24  8
16  0 24
2 3
24 -1
 8 24
 0  8
5 2
 8 -1 24  0  8
24  0  8 -1 24
3 3
0 0 16
8 24 16
24 8 16
3 4
16 -1 24
16  8  8
-1 24  0
16  0 24
4 9
24 24 24 24
 8  8  8  8
24 24 24 24
 8  8  8  8
24 24 24 24
 8  8  8  8
24 24 24 24
 8  8  8  8
24 24 24 24
1 1
24
10 1
0 0 8 24 16 0 0 16 24 8
10 1
0 0 8 24 16 0 -1 16 24 8
1 10
16
16
16
16
16
16
16
16
16
16
1 10
24
8
24
8
24
8
24
8
24
8
3 10
 0 24  0
24  8  0
 8  0 24
 0 24  8
24  8  0
 8  0 24
 0 24  8
24  8  0
 8  0 24
 0 24  8
3 10
24  0  8
 0  8 24
 8 24  0
24  0  8
 0  8 24
 8 24  0
24  0  8
 0  8 24
 8 24  0
24  0  8
2 2
8 -1
8 -1
3 4
16 -1 24
16  8  8
-1 24  8
16  0 16
4 5
16 -1 0 -1
16 0 24 -1
0 0 8 24
16 24 -1 8
16 8 -1 24
4 5
16 -1 0 -1
16 0 24 -1
0 0 8 24
16 24 -1 8
16 8 24 24
10 10
24 24  0  0 16 -1 16  0 16 -1
 8  8 -1 -1 16 -1 16 -1 16 -1
24 24 24 -1 16 -1 16 -1 16 -1
 8  8  8 -1 16 -1 16 -1 16 16
24 24 24 -1 16 -1 16 -1 -1 16
-1 -1 -1 -1 16 -1 16 -1 -1 16
24  8 24 16 16 -1 16 -1 -1 16
 8 -1 -1 -1 -1 -1 16 -1 -1 16
24 -1  8 24 24 24 16 -1 24 16
 8 24 24 -1 -1 -1 -1 -1  8  0
10 10
24 -1  8  0 24 -1  8  0 24 -1
 8  0 24 -1  8  0 24 -1  8 24
 0  0 -1 24  0  8 -1 24  0  8
24  0  0  8 -1 24  0  8  8 16
 8  0 24 -1  8  0 24 -1 16  0
 0  0  8  0 24 -1  8  0 16 24
 0  0 -1 24  0  8 -1 24  0  8
16  0  0  8 -1 24  0  8  0  0
16  0 24 -1  8  0 16 -1 16 16
-1 -1  8  0 24 -1 16  0 16 16
10 10
 8 -1 24  0  8 -1 24  0  8 -1
24  0  8 -1 24  0  8 -1 24  8
 0  0 -1  8  0 24 -1  8  0 24
 8  0  0 24 -1  8  0 24 24 16
24  0  8 -1 24  0  8 -1 16  0
 0  0 24  0  8 -1 24  0 16  8
 0  0 -1  8  0 24 -1  8  0 24
16  0  0 24 -1  8  0 24  0  0
16  0  8 -1 24  0 16 -1 16 16
-1 -1 24  0  8 -1 16  0 16 16