3
   1   3   2
   2  -1   1
   3   0  -2
8
 4  2 -2  4  4 -3  4 -3
 3  5  3  4  2  3  5 -2
 4  3  2 -5  2  2  5  2
 7  1  4  4  4  2  2  3
-3  2  2  4  2  5  2  5
 2 -3  2  4  4  2  5 -1
 6  2  2 -3  2  5  6  3
 1 -2  5  4  4  2 -1  0
3
   1   3   2
   2   2   1
   3   0   2
1
 0
1
 1
2
 0  1
 1  1
2
-1  1
 1  0
2
   2   1
   1   2
10
 1 -1 -1 -3  1  1  1  1  1  1
-1  4  1  1  1  1  1  1  1  1
 1 -2  1  1  1  1  1  1  1  1
 1  1  1  0  1  1  1  1  1  1
 1  1  1  1  1  1  1  1  1  1
 1  1  1  1  1  2  1  1  1  1
 1  1  1  1  1  1  1  1  1  1
 1  1  1  1  1  1  1 -1  1  1
 1  1  1  1  1  1  1  1  1  1
 1  1  1  1  1  1  1  1  1  1
10
   7   9   9   4   3   2   9   1   3   1
   8   7  10   8  -9   8   5   1   6   1
   7  10   1   9   1   2   6   5   9   8
   6   8   2   9  -8   9   7   8   1  -2
   9   8   9   7   2   3   2   7  10   5
   9   5   1   2   2   3   9   4  10  10
   9   6  10   2   9   7   9   8   9   8
  -1  10   1   9   5   2   5   8   1   4
   5   1   3   7   8  10  10   6   6   3
   9   8   5   6   8   9   3   8   7   0
10
   4   3   2   9   7   4   1   5   5   0
   2  -6   0   0   6   1   7   7   9   4
   0   1   9   5   2   2   1   9   9   5
   4   7   4   9   6   3   8   9   6   4
   2   7   5   0   5   4   8   5   5   6
   0   0   0   4   7   7   8   3   3   9
   6   9   0  -7  -8   9   0   5   1   6
   1   4   3   4   7   4   5   8   7   7
   8   8   1   2   6   9   1   9   0   4
   8   9  -3   0   8   9   4   4   0   3
20
  12  10 -17  10  16  15  17   7  15   5  18   5  -1   5   7   9  12  15   6   5
   4   8   1  10  14  10  16 -19  19  14   9  12   7  16   7   8   9  17   3  15
   3  15  14   5  15   5  16  17   9  19  15   7   3   4  18   3  11   3  15  15
   0 -13   9   9   1  10  19  18   9 -19  11   8   1  14  15   1   6  18   0   6
   0  19   2   5   7  16  10   4  10   5  16   8   3   5  16  10  17   4   9   9
   7  18   2   1   2  18  15  18 -10   4  18  16   9  11   3   4  18   0  11  17
  16  14  19   0  17   0   2  19 -12  18   5  12  19 -12   2   3   5 -13   9   3
   8   1  15  13   5  16  19   3   4  13  11  19   0  12  12  17  -5   8   1   5
   0   5  12   3  13  11 -18   1   2   5  18   0   9   3   5   7   2   9   5  14
  19  18 -13  13  18  18  19  11  19  16  15   3   7  12  17  14  17  10  11 -11
   5   1  16  18   4  13  18   9  14  10  17  10   1   3  10  -3   3  16  17  12
  11   0  19   9  16  19  17  14  12   1  18   1   3  10  13   7  18  16  17   3
  -4 -12   8   2  13   4   5   5   5  10   1  18   1   8   5 -19  15   7 -18   2
  13   1   4  19  11  -2  16   9   5  18  19  10   1   9   0   2   3  14  18  15
  14   9  15  16  14  17  10  18  17  19  18  14   1  17   4   2  17  11  14   3
   3   1 -10   8  11   3  19   2   3   4   1   6   2   8  16  15   9  14  13   5
   8  19  12  14  10   1  11   9   5   8  13  18  19   4  16   7   4   5   0   3
 -14  14   6   5  19  19   6  13  10  15  10   4   3   3   8  19   2  -5  19   4
   4   1   3   9   6  16  12  14  15  12 -16  15   7   5  10   5  -3  11  15   8
  18   9   1  11  15   7  11   0  12  13   6  15  16   7  19  12  10  15  15  10
25
  12   1   1   8  19   2   1  15  -8  25  22   6  18  14  20   7  16  16   3   9   1  17   8   4  13
   7  23  22  18  13   4 -23  24  18  23   1  14  12  24   9  14  23  16  25   2  19   2  12  19  12
  11  11  22  22  18   8  12   3  17  17  22   0   6   5  10  20   4  17  13  16  13  25  23 -20  12
   3  23   5   8  21  22  15   8  21  18   6  21  19  24  18  19  10   0  20   7  21  14  18   1   9
   6  17  18   6  11  19  12  19  20 -15   2   8  16  20   6  15  10   9   6   6  10   9  24  21   9
  12  20  15  14  13  10   7   4  25   5   3  21   8  14  10   9  17  11   4  20  19   4  22   1   0
   8   0  21  23  12   5   3  23  18  -4  18  16  21   4  16  12  14  21   3   4  24   7  25  14  18
   9   3  15  21 -13  13  12   9  18 -21   2   3  15  11   8  11  15   1   2 -13   9  25   9   3  23
  15  12   7  -3  13  12  24   1  18   5  25   1  22   6  24   2   7  20  13   6  13   6  24   4  16
   4  19  14   3  22   9   4  15   1  15  13  25  14  21  14  23   3   9 -19  20  21  22  18   5  22
  17   3   3  19  20  13   4   2  13  18  15 -12   5   3   0  14  12   8  17   7  16  25   9   3  13
  21  20  23  15  22  14   6  25  14   2   6   5  22  15  20  17  10   5  17  16 -17   7  16   5   2
  -7   3   1   9   7   0  20   7  18   3  22  18   1  11   8  12  18  10  25  20  18   2  15  16 -18
  23  20   9  25   6   5 -20  18  14  12  17  10  15  -4   5  -6   9  13  17   1  19   1  -6  16  25
   4  20  21  21   8  24   7  21  12   5  20   3   1   6  18  13   4  18  10  13  12  11 -18  11  18
  15  24  -4  23   5   3   4   2   5   6  19  -6  19   0  25  13  14   9   3  13  13   5   4   7   4
  13   4  24  12  19   2  13  19   3  23  16  10   2  20   8  15  11   1   7   8  14  25  13 -10   4
  15  15 -14  12  12  18   4   2   8   4   2  -8   4  24 -12  10  13   4  12  19  17  20   8   5   5
  21  18   0  22  15  13  14   3  24  21  22  11  -4  15  17  15   7   0  13   6  24  24  22   5   1
  10  10   7  13  10  22   1  12   5   2  14  20   9   9  18  15  14   6  15  15  21   9  15  21   8
  17   3   8   0  18   6  19   9  25  24  13  15   7   7 -13  23  21  22  23 -20  15  11  18   3  24
  21  19   1   1   5   4  20  23  11   5   3   1   1   2  14   3  -9   1  25   6  11  22   6 -11   0
  13  25  23  21  20  20  25  -1  19   3  10  10  20   5   8  12  13   3 -22  17  -4  19   5  24   5
  20   6  19  22  14  10   0  13  20   5  11  10  16   6  22  16   1  16  11   9  15   6   5   1  19
  17  10  23   3   4  17  24  10  20  21  15  21   9  11   3   8  20  15 -17  15   8   1  19  20  19
50
  25  48  35  42  20  31   2   6  37  19  36  49  37  40  33  23  32  32   9  36  21  44  19  29  11 -23 -21   1  25  35  37  -5  43  36  32  22   8  50  19  43  10  49  39  15  27  18  16 -27  11  17
  12  13  18  42  19 -40   2  25  20   9  44  44  40  39   7  34  12  23  11  34  35   5  45  48  47  16 -24  43   3  49  50  33  33  47 -15  12   4  29  20   9  47  40  40  38  34  47  12   8  43  23
 -20  42  44  36  30  11  30  20   9  28  47  12  19  15  36  22  42 -20 -13  35  20  42   6  30  31  31  29   9 -31  12   2  37  17  47  23  41  46  39  40  49  37  42  15  27  37  32  15   5  15  47
  42   7  39   3  25  37   1   9  32  50  30  15  50   7  20  40 -46  10  24  10  35   1  11  12  17  32  13   1  44  26   4   9  21  49  49  22  13  49  28  15  43   4  10  49  39  15  16  26   8  10
  48  37  23  46  39   8  29  18  38  23   4  37  48  35  19   8  46  45   6   4  19  32  24  44   8  13  35  33  44  42  23  18   5  48  35  30  19  33  49  23  10  44   8  30  21  37  19  20  29  50
  36  20  23  36  30 -46  29  40 -10  23  17  26  27  46  35 -22  36  22  32  39 -40  19  29  31  13  37  35  42  34  27 -47  13  44  34   5  21  49  50  49  25  22  23  45  13  21  34  35  15  32  14
  29  49  43   6 -48  12  35  34 -38  45  18  31  20  25  38  42   3  48  23  16  32  15  16  11  46   1  35  28  48  22   7   5  30  43  10  40   6  16  40   1  47  20   0  44  29  19  13  22  33  34
  17  18  23  18  21  14  41  15  21  45  31  24  25 -39  36  29  31  45  39  47   5   7  25   4   6  24   9  45  28  46 -36  23  41  11  26  49  25  31  44   7   9  38  21   2  21  28   1  34  32  44
  14  46  14  29  13  33  35   9  33  48  42  23  48  42  39  26  20  41  50  10  24  26  20  22   2  31   5  22  43  16  37  36 -48  34  37  10  30  50  41  33  19  25  11   6  30  14  27  26  37   2
  22  19  23  15   7  49  20  33  11  31  10  12  18   1  26  43  48  13  38  28   2  45  36  49   1  44  30  43  11  40  35   5  41  30  32  30  18   4  34   2  19  35  44 -22  20  41  34  33  23  33
  44  -2   1  17  17  21  20  29  11  25  23  20   4  33  17  29  25  19  23  28  35  47  29  17  46   0  12  50  39  21  27 -31  21  39  41  48   9  40  20 -12  30   1  30   5  28  19   2  31  32  10
  41  25  20  31 -49  26  46   2   7  20  38  13  30  12  22  31  30  32  35  26   0   8  27   6  26  19  31  23  20  36  32   4  -6  35  21  37  10  44 -43  20  38   2  29  12   4  13  44   2  41   1
  37   2  36  28  37   7  41  12   1  28  39 -31   9  26  23  41  31  44  45  10  47   9  17  35 -24  42  47   9  48  44  32  39  22   4 -20   4  10  10   4   2  26  31 -16  10  49  20  31  11  42  24
  50  33  38   3  35  17  15   9  45  27  34  44  28  33  44  26  48  48  -2  18  46  16  50  43  37  47  44   6  19 -17  31  42   5  27  44  28  46  22  35  38  31   7  30  -3   7  42   6  41  48  35
 -35   4  47  34   2  14  33  29   9   5  27   6  14  30  41  11   5  39   4  24  14  22  40  14  40  28  36   8   6  43   4   3  46  46  23   2  22  32  22  20  14  40 -41   8  16  45  20  39  48  50
  30  25  34   7   1  27   4  27  43  45  45  15   6  14   2  41  16  27   6  20 -34  30  23   4  32  25  36  26  17  -3  27 -26  28  -3  23  45  31  19  24  45  21  46  35  40   0  21  26  39  35  35
  50 -39  38  20  33  34  20  42  44  26  23  39  12  40  23  14  19  20  42  20   7   4  49  35  10  22  41 -35   8  12  37  26  29  50  19  22  32  43  27   1   6  21  44  16  15  21  44  32   4  39
  34  47  14  20  39  37  10  28  23  26  25  47  21  19  10  46   5   2  20   5  35  27  45  16  13  26   0  20  48  47  10 -34  21  26  43  35  23   5   3  40  27  36  21  18 -40  48  43   2  34   6
  16   9  44  35  33  10  45   5  11  25  35   3  48   4  19   3   8   1  30  27  49  17  28  16  32  18  21  15  11  49  28   8  17  49   1  25  50  41  35  21  10  13  41  28 -23  27  18  22  31  44
  20  14 -30  25  24  24  11  18  22  34  41  21  27  40  38  40  34  47  49   7   3  47  16  39  21   7  17  38  16   3  28  22   9  45  33   0  46  48   8  23  20  27  33  19   7  -4  40   2  50 -25
  22 -48  24   4  24  24   9  25  19  19   5  29  30   4   6   5  39 -23  48 -27  41  47  43 -15  29  45  34  44  14  33  34   2 -24  30  26  16   9  49  15  25  50  21  22  10  47  50  17  10   2   0
  41  33  41  14  41  16  13   5  37   6  25  46  37  29  48   3  15  18  46  46   2  28  31   7  46  25  13  35   1 -33   4  25  36  14  29   7  10  35  31  13   8  45   6  18   3  29 -40   1  12   2
  50  23  32  15  11  49  32  44  47  14  24  10  48   7  14  22 -32  21  28  24   2  37  41  14   1  18   3  42   2  42  14  17  39  26  16 -45  41  32  33  17  16   7  25   4  48  16  38   8  -3   8
  32  26  39   7   6  47  26  18 -24  13  30  32   8   1  27  14 -28 -39   4  18  45  12  20   6  25   7  22  19  40  49  34  23  33  29   9   8  42  32  28   8  37  49   1  24  49  50  34  35  12  16
   2  45  31  27  15  13  40  39  33  42  27  45  27  25  19  44  20   9  16  23  42  10  25   2  43  26  21  24  40   7   3   4  31  48  50   3 -49  29   7  47  45  26  27  14  36  40  27  17  20  16
  31  49  28   6   6  34  13   1  26  47  13  37   6  45  27  22  30  10  26  45  25  26   1  18  36  16  29   1  45  18  34  40   4  21   2  27  29  17  22  46  15  16  31  15  43  -4  16  10  28  30
  24  16  41  30   2   2   8   5   8  23  27  30   5  26   3  43  37   8   8  22  22  45   4   8  10  49   0  27  17  10  50  20  16  -7  45  32  18  47   6  34   8   9  38  28  28   5   0  45   7  15
   0  26  29  41  37  24  46  26  21   2 -50  18   2  24  23  20  41  16   5  17  37  40   0  20  40  27  38 -18  26  32   8  31  50  49  43  17  24  42  29  14  38  45  11  46  27   7   8   1   4   8
   1  24  -6  11  15  44  30  25  29  37  18  32  25  13  38  46  25   2  29  11  19  48  43  32  32  43  14  18  49  16   8  32   3  39  17  39  10   5  22  50   7  24  31  50  25  42  27  44   5  21
  34  29  14  41  23  -4  43  27  40  40  25  48  16  11   4  35  25  17  50  48  24 -21  16   4  29  11   4  17  44  49   1  26  27  12  41  22  26  15  32  49  49   6   4  15  46   9  41  20  16   7
  32  19   0  41   8  10  32  36   6  41  41   9   2  35  35  22  22  28  18  43  34  45  38  38  34  21  43  32  35   3  28  42  34   7  25  43  36  15  37  29  33  46  38  12  27  47   8  49 -23  24
   8  26  36  14  45   1  18  -6  21  43 -48 -41  37  27  29 -24  14  41   3  27  38  15  26   6   6  12  32   8  21  17   5  28   6  18   9  39  13  26  13  13 -31  27  19  20  12   4  23  23  48   6
   2  48   7  48  22   9  33  45   8  49  27  48  41  35  25 -44  35   0  38  47  21  29   0  36  24   4   4   1  41 -37  37  48  10  20  -2  -6  33  43 -44   4 -14   5  48  20  10  15  25 -13  13  31
  46  36  27  15  13   5  38  23  42  22  42  13  25  31  26  21  22   2 -48  28   7  48   5  12  47  14  39  18  26  14  27  37  35  44  38  49  13   2  42  32  35 -50  26  20  26  38  10   6  47  29
  43  10  50  48   8  28  27  50  16  20  23  40   9  42  44  47  32  26  26   3  42  48  14  17  22  28  28  18  50  46  27  47  11  28  12  35   5  33  45   6  48   7   7   0  13  22  25  27  18  47
  11  49   4  29  24  27  41  46  40  16   6  14  29   9  45   5   5  29  37   2  18  42  10  16  25   2  13  41  27  38  12  40  11  11  36  10  29  32 -28  27  42  22   3   4 -42  21  48  27  29  20
   6  30  29   1   1  45  42   8  20   7  45   2  23  13   1  43  50  16 -41  23   5  44 -50  50  22 -27  42   2  19  38  47  41  29  39   5  48  24 -34  19  23   9  19  48 -30  17  15  47  46 -24  44
   3  22  11  37  21 -34  25  18  10  17  20  18   4   6  50  13  28  43  23  50  30  33  14  31   1  40 -34  38   9  33   4  46   8  13  17  10 -46  26  50 -36   2   6   1  50  29  10  22  38   2  44
  38  23  16  33  41  20   5  44  38  22  32  12  44  24  31  42  40 -41 -19  15  43  38  43  21   5  35  17   7  17   0  17  43  44  26   9   6  21  43  20   1  30  10   4 -32  48  26  15  16  31  30
  39  15  40   7  33  11  18  44  21  33  21  30  41   3  42  18  22   9  10  34  10  21  39  23  24   4   4  24  46  42  34  11  17  34   2  12  10  42   2   1  20   0   8   1  12  15  20 -47   5  22
  42  32  30  13  37  13  35  38  16  38 -48  28 -24  50  24  12  40  50  46  19  37  38   1   9  45  42  15  44  14  12  23  50  36  28  45  47  45  31  29  46  46  18   6  46  34  33  31  46  13  48
  -2  45  50  39  23  38  12   5  27  41  34  20  47  45   3  38  32  48  14  42  24  40  40  36  22  15  22  26  36  33  25  46  48  16  46  14  28  43  13 -50  24  17  11   4  26  28  39  19  50  28
  21  16  10  12  25  19  50  37  24  44  27  46  30   3  24  36  37  13  11   7  35  41  42  36  29   9   0  48  42  37   3  25  36  13  48  40  14  18  11  30   4  44  27  23  42  33  37  46  47  48
  13  13  25   9  18  11  44  33  35  21  49 -39  14  42   4  19  39  28  21  38  44  49   7   9  34   4  15  17   8  10   5  28   7  21  20  25  35   4  15  45  20  37  47  24  28  13  21  29  49  31
  -3  45  17  10   6  40  29  27  30  44   4  27  26  24  32   8  20  39  34  25  16  25   1   9 -12   8  48  41  45  28  50  16  32  32   1  43   9  42  37  22  28  16  17  12  11  32   8   6   9  33
  38  26  33   1  30   2   1  43  36  50  34  44  39  48 -25  33  32  11 -40  45   1 -17  31  26  23  44  39   7   3  46   3  29 -18  46  41  18  47   8  48  11  18  27   6  10  27  13  44   8  37  27
  12  17  36  40  35   3  50   2  18  32  24  29  42   7 -37  19  29  41   6  22  47  27  11  42   5  18  33  20  11  25  27  50  38  18  42  49  17  37   2  29  14   7  14  50  15  37   5  18  47  24
  20  37  23  19  16  12  41   3  22  19  11   6  18  25  24  50  39 -39 -31  27 -12  36  40  28  20  24  20  29 -40  41   7  31   1  26  10  37   3  40  46  36  38   3 -41  49   9  11  38  21  18  49
   9  23  23  49  38  48   7  42  33  19  12  23  15  47  49 -32  37  39  15   7  35  13  19   4  25  10  41  49   5 -45  38  21  28  23  40 -23  44  22  11  19  11  47  43  45   6  49  17 -10  13   5
  11  30 -33  21  32  27   0  47  39  36  36   2  40   3  35  33  23  50  11 -16  12  13   0  34  19  33  11  50  47  20  12  38  49  47  42  32  42  25   6  18  25  33  26  20  32  37  42  23  32  10
75
  -2  60  22  66  51  65  65  31  -7  66  62  34   0  67  75  66  64  62  39  34  11  28  58  71  27  21   6  52  24  33  44  48  49  75  26  11  32  72  44  10  65  66  59  75  46  18  22  22  52  75  51  66  57  49  70  64  71  46  21  52  68  33   8   4  11  14  29  61 -55  25  14   6  53   4   5
  13  11  36  72  27  22  60  43  66   2  40  58   4  16  42  35  38  73  57  41  28  34  27  32  62  39  38  11  54  11   2  70  41  64   7  46  62   0  56  64  69  58  37   9   5  66  50  72   3  18  18  69  33  22   4  23  63  57  42  13   6  56  20 -22  40 -54 -18  58  45  59  62  44  25  15 -23
 -54  59  -1  20  61 -29  63  29  16  21  12  29  55   4  12  22 -24  54  56   2  66  29  30  43  40  26  73  45   8   0  12  20   8  70  54  23  -3  39 -73  67  65  49  52  57  54   6  50 -17  58  25  19  31  58  67  55  68  32  38  63  35  42  53  65  74  41   3  29  39  44   8  20  75 -16   1  38
   3  54  44   7  22  62  68  22  59  55  44   6  27  43  37  11  69  19   3  59  52  13  21  60   1  36 -60  72  11  36  48  22 -39  57 -54  63  71  40  16  22  61   6  18  41  36  41  63   9  26  44  42  70  33  15  67  52  19  40  26  19   8  48  32  38   1  30  57  73  30  16  68  74  57  27  70
  63  34  71  21  53  61  33  71  25  19  70  45  45  74  59  40  13  24  41  64  19  56  60  33  36  24   3  54  56  71  36 -26  66   8  60   5   7  47  -7  28   9  68  33  42  61  25  73  35  11  15  61  69  25  28  42   1 -55  36  75  26  53  12  42  28  28  20 -35  63  47  38  35  68  54  57  52
  42  14  49 -74  61  57  60   7   8  73  45  47  17   9  18  10  47  25  21  27  10  41  23  67  69  56  30  52  38  51  25  53  69   3  37  20  51  57   4  71  29  19  41  27 -43  25  70 -19  19  12  53   4  30  55  50   9  16  73  34  13  23  46  45 -16  26  60  65  33   1  57  36  63  37  75  28
  40  54   3  26  13  17   0  74  45  68  28  58  60  54  52  43  21  64   2  23  10   3  48  19  22   3   0  13 -58  12  55  62  20  35  26  48  71  30  11  70  61  32  44   4  21  73  54  48 -59 -10  35  73  67  63  38  74  45   2  15  73  63  11   8   1  33  36  73  72   1  64  27  36   3   6  48
  57  70  72  69   1  18  33  32  43  64  53  46 -60  18   6  54   2  65   8  14  71  17  17  47  23  34  19  31   2 -62 -69  15  23 -71   7  60  25  71  28  64 -72  50  65  54   7  72  55  67  60  13  42  64  13   2  27   0  27  70  24  13  12   3  43  38  24  30  58   2  15 -43  23  65  48  30  43
  47  22   5  43  50  69  40  47  19  47  24  47  17  26  30  57  63  23  10  43  21  17  25  73  65  29  73  41  51  28  36  45  71  60   1   7  68  74  13  20  48   3  33  10  34  49   1  55  45  22  20  23  17  22  22  20  28  53  63  33  14  11   0  10  28  64   8   1  74  62  66  62  18   5  56
  33   8  71  38  60  74  61  54  22  45  69   2  45  15  68  12  35 -29  53  48  40   1  37  62   6  39  29  10  44   1   4  32  74  27   5  36 -37  46  57  71  58  48  16   8  49  25  36  21  46  16   4   5  19  23  63  18  42  12   1  35   3   1  67  65  25  37  48  61  16  12  44  50   5  10  45
  61  69  20  18 -67  52  33  32  61  69  55  31  24 -37  15  68  71  11  17  69  69   0  30  68 -69  36  36  11  15  59 -30   1  38  58  34  28  53   7  23  62  66  27  23  22  40  72  23  23  11  65  10  45  66 -56  70  28   3  54  51  74  23  55  48  41  57  26  56  44  74  55  43  54  49  70   8
  44  44  33  14  33   6  66  23  65  57  50  46  17   6  69  52  32  64  39  71 -45  47  70  20  13  22  36  22  45  68  68  28 -28  12  65  39 -56   3  23  68  61  31  44  71  17  30  28  48   3  66  16  51  68  34  43  62   5  61  38  39  49  51 -66  26  41  62  38  43  63  29   6  23  75  67  11
  34  70  60   6  62  16  51  13   2  61  23  71  36  62  47  25  72  73  66  22  42 -45  29  52  33  18  43  67   6  44  27  52  22  65  62  49  67  35  36  63  11  54  41  57  35  11   0  61   1  41  48  69  50  58  23 -69  27  20  71  38  55  37  59  66  58  48  57  70  43  24  44  47  12  42  16
  10  57  40  72  62  12  52  57   1  63  45  43  29  57  13  27  37  52   7  70  39  42  34  28  72  20  16  24  19  68  41  39  72  52  33  16  68  22  -6  43  -3  28  13  55  54  64  36  59  13  38  44  28  42   6  26  56   6  55 -69   8  39  16  28  23  34  17  56  22  48  40  29  74 -68  34  22
  34  21   2 -55  68   4  47  57   5  52  44  48  45   6 -18 -36  46  34  24  47  71  51  35   5  56 -63  52  34  44  30  73  36  66  29  27  42  46  43  52  51  75  75  16  29  61  32  36  45  53  12  67  63   9  19  29  17  48  41  71  66  30 -67  66  62  11   1  75  50  14  43  15  17  48  45  17
  75  24  55  21  50  13   2  68  50  32  43  62  54  60  24  44  33  38  62  67  48  53  16  54  45  62  10  34  40  73  10  11  52  30  73  35  28  51  65  62  69  57  72  61  49  53  52  48   9  18   4  55  74  64  24  60   9  70  49  60  42   5  32  16  57  30  24  41  67   3  59  29  12   9  27
  64  40  36  50  33  53  75  43  67  42  37  75  42  66   1  53  30  32   9 -41  67 -53  66  20  13  22  15  64  73  20  46  48 -62  30  71 -45  44  70  23  73  69  23  18 -23 -11  60   4  31  21   5  24  66  12  67 -23  31  54  56  29  59   7  73  48  27  75   4 -31  64  21  66  66  44   5  74  23
  19  56  38  58  53  39  73  34   7  19  47  50   7  38  15  58  36  73  72  46  62   1  34  13  23 -10  28  55  47  64  56  39  38  18  63  14  40   1 -74   1   0   8  20   4   2   3  13  53  45  23  18  11  30  44  47  67  37  13  54  68  13  74  31  17  64  52  51  40  64  71  68  29  60  15  69
  60  49  32  44  37   5  33  71  68  54  72  44   5  37 -20  12   8   8  10  72   0  62 -24  16  20  56  40  26  43  65  11  71  64 -60  29  21 -71  64  21  49   0  34  31 -71  16   2  73  31  22  65  10   4  54  58  63  16  58  15  23  26  50  39  56   0  51  35  42  17  25   4 -42  29  42  46   5
  66  73  39  53  20  17  19  73  13  34  57  54  46  43   3  24  71  47  59  36  65 -46  26   5  21  34  73  45  26 -27  47  29  27   1  41  46  28  19  56  55  58   2   3  17  74  12  22  16   5  62  46  75  53   6  47  18  59  52   2   2  34  61  70  74  11   9  30  18 -20 -20   0  69  34  37  65
  71  69  33  59   5  31 -17  40  68  75  24  14  53  30  73  23  43  68  14  60  35  41  57  40   8  33  66  14   7  41  13  44  28  28   7  63 -50  47   5  67  66  39  43  48  72  12  65  74  59   7  19  47  40 -63  37  25  20  44  31  54  26  24 -39   9  74 -63  45  37  57  69  67 -18  48  36  55
  63  61  55   4  63  39  54  75  68   0 -50  14   1  -9   0  16 -52  13  52  40  46  59  42  66  42 -30  26  49  11  26  63  41  64  54  39   4  65  29  19  61  39  48   6  53 -29  39  59  24  12   6  28  74  35  32  22  72  47 -49  62  47  25  73  46  17   5  36  59  60  53 -33  61 -26  74  66  54
   9  36  70  42  56  44   9  48  25  72  28   6  17  57  36   1  64  59  69  75  48  75  37  63  52  16  45  12  43  34  68  52   8  56  62  41  60   3  38  59   7  26  13   6   4  11  17  57  74   8  30  22  18  43  49  46   8  18  38  13  53  24  18  67  71  63  32  58   3  36   1  53  75  53  59
  38  19 -51  25  29  60  61  24  37  69  27  16  58  58  35  57  30  29  62  44  64  57 -22  24  16  42  15  35  42  27  41   7  47  27  58  64  39  -4  66  28  45   8  58  60   4  17 -68  46  43  69  65  62  31  67  13  33  70 -13  25  74  75  74  26  60  17  21  45  52  17 -30  15   2  32  60  53
  22  66  74   0  25  52  58  40  63   6  72  66  40  35  52 -12  34  15  49  20  26  14  45  14  27  24  65  57  21  34  28  64  20  56  32  43  57  41  58  38  66  58  73  23  45  51  41  14  66  70  12  21  55  47  35  36  61   2  38  56  62  10  33  70 -19  10  25  39   9  16  52  71  43  51  44
  39  67 -59  52  22  48  74  65 -40  44  43  73  74  16  53  58  12   3  54  18  64  17   8  72  48  20   8  42  16  35  26   2  18  12  66  30  40  72  51  42  14  60  46  -8   6  68  10  38  22  61  40  46   3  53  55  13  25  30  16  49  37  15  49  64  45   0  39  69  45  68  61   5  25  46  10
 -53  50  17  75  57  24  57  41  55  26  26  74  33  35  36  46   3  61  10  11 -27  54  44   3  17  66   8  59  35 -52  35  35  50  68  73  15  33  54  13  14  27  64  10  40  49  21  29  48  74  58 -70  43  32  49 -33  56  48 -51  39   2  69  26  26  26  73  26  31  75  60  29  33  25  62  74  69
  60  46  33  48  12   2  58  18   7  21 -60  24  66  20  60  55  17  59  51  42  52  53  16  11  66  43  11  33  50  34  48  60  23  38   0  46  27   6  26  22  41  41  23  64  28  63  51  64   4   4  15  55  25 -34  72   0  11  62  53  68 -11  11  38  29  63  51  66  37  72  10  59  49  44  50  18
  27  19  60   1  17  73  13  64  34  58  36  35  36  33  38  34  49  36  36  37  14  73  23  57  66  29  31  42  36  65  26  25  34  29  26  50  57  11  11  75  18  54  16  73  28   3  45  65  50  53  33  51  66  29 -65  46   7  30  39   6  49  34   4  67  17  30  42  65  36  53   0  20  68  53   6
  21  20  56  58  53  41  71  73  62  19  43  54  28  17  52  47  54  26  69  25  34  35 -58  40  50  52  16  33   5  63  12  49  16  43 -48  56  27  42   3  31  35  24  75  36  65  29  49  51   3  33  23  44  48  66  16  42  54  24  67  39  41  16  39  36  14  30  48   5   6  14   8 -61  47  73 -16
  11  61  45  34  49  38 -57  66  60  59  57  11  52  66   0  70  57  36  16  14  47   2  45  15  14  12  49   4  11  10  40   9  38  14  24  26   0  47  60  51   8  73  31  43   6  66  13  31  67  69 -14   5   2  38  23  16  53  66  27  60  53  47  18  38  70 -22  39  -6   0  22  69  70  34  33  10
  57  27  24  64  39  34  46  58  36  12  52  27  28  11 -34  50  71  44   1  51  71  14   6  14  63  73  57  61  15  11   6  62  35  41  63  46   2  69  16  49  43  13  26  63  51  38  11 -42 -61  69  63  62  16   8  46  33 -65  41  53  73  53  14  63  34  32  65  73  17  30  34  23   6  47  62  33
 -70  24   5  39  19  52  57  51  11  66  14  68 -41  14  13  67   7  50  43  53  56   0  14  69 -54   7  41  11  51  32  23 -64  32  18  47  54  31  33  30  12  56  66  42  26  43  42  47  38  13  13  50  49  28 -13  33  27  15  49  62  44  59  74  67  71  53  40  46  24  17  36  31  40  67 -67  74
 -12  54   1  46  72   9  61  50  60  58  55 -70  59   9  21   4  10  64  16  69  72   7  32  54  74  43   4  19  -2   9  14 -53  56  13  59  75  13  53  34  17   3  25  43  75  61  19 -65  38 -21  52  40  32  42  34  72  18  32  48  50  23  13  71  -3  49  37  46   9  34  18  41   9  75  69  63  48
  20  56  17  73   6   2  64  27  52   8  39  60   2  37  43  64  27  25   9   9  49  66  12  42   3  74  46  13   4  48  19   7  49  58  50  38 -13   0  70  10  49  46  11  37  52  23  58  43  75  75  57  11  49  57   5 -57   6  49  55  19 -37   9  66   6  63  66  64  29  24  16  20   8  18  23  70
  42  63  51  46 -39  74  16  25  47  42  30  50  63  72  66  37  73  11   2  70   8 -50  18  14  47  29  14  43  45  20  13  58  37  52 -10  32  18  22  35  45  75  29  44   5  47  45  41  24  69  39  21  71  72  27  58  43  45   7  15  70  69  65  65   3 -20  24  64  48  28  14   9  43  12  27  48
  64  63  12  39  74  16  28  -6  49  74  57  39  67  39  60   4  58  13  10  50  21   4  36   2   9  13  67  74   2  49  22  72  18 -67 -74   6 -57  67  49  40   6  35  67   0 -66  58  47  22  10  60  53  53 -58  28  33  60  30  37  73  42  20  48  51  37  21   2  47  28  41  65  40  60  15  23  51
  47   2  73  32  57  61   3  54  65  32  48 -45 -27  60  46  38  72  48  41  68 -69  50  32   5  38  71  65  14  22  13 -28  60  34  67  30  24  19  63  46  39  73  65  71  32  37  68  57   0  48  36  20  18  64  14  60  51   5   9  55  29  70   5  19  68  59  39   2  29  70  69  32  74  52  28  75
  11   2  38   9   6   7  65  13  64  16  19   4  54  32  13  57  72  73  22  73   2  29  22  35   7   1  18  20  27 -23  19  24  28  53   3   3  17  15  36  16  13  42   4  25  26  11  72  72  74  58  69  43  28  29  47  55  23  75  55  14  27  15  28  45  68  75  12  47  29  27  28  18  63  63  20
  22  13  48  72  51  65  61  58  19  20  26   1  39  69  42  72  35  55  50  45 -26  62  45  24  64  46   7   4  34  63  46  63  56  12 -60  22  71  26   7  42  13   5  70   4  11  20   8  26  46   5  62  31  15  67  64  63  47  57  16  70  36  62   4  75  15   2  33  74  56  69  38  50  50  19  61
  -6  13  23  60  53  64  30  22  13  39   6   3  48  44   0  36  50  37 -36  13  31  20  41  74  36 -44  74  19  25  56  55  20  61  45  42  15  59  31  65  13  62 -19  43  52  65  69  37  52   7  42   8   9  19  66  57 -60  51  74  15  40  51   8  41   8  44  28  25  48   3  70 -15  41 -32   8  21
  17  68   8  30   0   0  38  18  21  64  19  53  75 -64  32 -12   1  61  53   9  62  48 -43 -36  18  37  64   6  10  28  64  52  40  29  71   1  43  28  65  15  19  35  35  38  62  49  60  14  29  23  66  65  31   0  25  14  35 -34  54 -31 -49  16  15  40  12  60  10  72  68  24  44 -43  31  42  25
  67  54  15 -55  69 -68  70  54   0  20  41  51  40  72  45  31  61  53  15  24   6  58  55   2  45  11  51   3  47  72  73   3  27  15  43  16  29  72  43  70  32  32  73  27  21  38  72  73  31  62   7  51   2   0  28  35  37  13  68 -45  48 -65  65  60  20   7  68  46  59  68  14  59  11  63  28
  16  43  14  48  25  33 -17  48  58  73  20   2  17  15  23  53  66  33   0  52  50  56  17  23  68  73  39  20   9  41  25  32  38  20  41  64  74  71   8  18  74  26  60  48   7  20  13 -39  39  24  36 -61  50  11  28  37  36  29  25   4  57  11  55  43  31  72  17  31  25  46  74  39  13  57   7
   7  60  18  66 -23  55   8   6 -19  64  36  64   6   6   8  31  57  60  34  63  66  18  21   1  56  32  54  58 -65  65   5  46  38  61  61   4  34  25  63 -49  67  10   4   5 -61  22  13  33  37  53  46  75  65  34  33  23  12  26  75  45  35  65   0  23  63   4  74  65  52 -32  24  46  71  69   4
  61  56  75  33 -28   4  31  48  42   5  51  49  59  50  49  24  24  63  30  49  29  26  74  41  45  40  34  20   0   3  17  58  53  21  57  48  41  57  31  10  25  20  57  17   8  36  55  11 -20  52   6  57  47   5   8  21  49   8  56  15  36  64   6  13  20   3  11  22  40  23  17  29 -69  21  16
  64  52 -61  38  49  57   7   5  40  67  13  70  16   5  58  57  12  72   1  23  25  29  51   5  53  16  73  49  62  51  34   9 -62  34  30  15  53   1  -6  54  38  24  15   4   5  40  22  29  40  28  38  55   2  60   9  52  18  73  31 -48  59  55  46  31  34  74   1   2  69  14   8  40  49  64  18
   5  36  29  50  14  45  25   7  25  51  42  47 -31  34  16   4  43 -23  43  68   7  19  72  32   5  42   7  16  43   1   2  73  15  49  18  30  43   2  24  25  75  17  65  59  42   9  63   1 -35  57  70   9   8  64  65  28  59  28 -45  63  33  72  25  24  16  41  66  24   7  37  42   5  54  37  26
  59  44   6  51  48  51  42 -55  16  37 -68  49  20  74  61  64  43  36  73  -4  68  16  55  42  53  10  66  11  44  41  52 -64  73  63  24  36  10 -25  29  27  44  21  38  18  52  32  23  28  59   6  38  74  20  12  23  45  11  39   7  64  35  26  66  36  25  56   2  29 -24  64  74  26  11  45  53
  35  71   9  35   1  69  57  41   3  63  16  18  56  58  41  29  25   6  35 -57  42   9  61  41  53  16  32  33  38  16  36  56  61  28  35  67  47   3  73  64  56   9  26   2   5   3   8   5  57  35  55  38 -70  75  43  29  29  47 -51  51   1  28   9  74  26  14  58  53  54  40  18  33  28   0  26
  59  26  20   5  55  27  26   8  34  16  31  10  56   9  10  60  35  14  65  67  71  63   7  16  68  42   6  26  30  57  30  25  44  43  74  20 -32 -51  16  44  47  10   0  26   7  41  57  69  61  65  74   9  24   0  32   3  11  20  65  15  12  68  60  17 -71  61  49  14  65   1  16   4  65  68  30
  21  27  12  36  35  13  25  16  39  25  48  23   7  11  50   5  14   9  51   7   1   8  32  75  50   1  53  26  45  66  66  12  54  41  21  37  50  44  14   1  -3  75   7  27 -20  57  40  53  13  34  50  40   3  34  30  38  21   6  53  10  52   9  25  54  57  31  41  22  17  48   2   2  15  39   7
  56  33  65  24  49  51  73  50  26   4  69  22   9  54  75  30  53  18  63 -25  42  45  48  27  32  31   4  30   9   2  28  13  27   3  48  17  65  27  32  58  37  56  19   4  41  42 -45  15  59  47  41   2  23 -63   2  24  24 -29  20   2  26  75  63  48   5  54  72  62  48  44  38   7  60  68  34
  35  18  20  59  46  72  39  21  59  72 -26  19  17  20  20   8  57   7   7  17  18  22  64  21  47  51  74  71  70  66  67   6   5  42  10  34  29  63  13  53  73  43  36  10  61   8   3  73  40   2  48   8  56  25   0  72  60  70   2  45   8  18  55  37  32  25   3  71  12  72  61  54   0  53  44
  35  56  47  26  29  75  30  23  26  37 -51  43  47  38  16  23  -7  59  21  36  47  35  33  25  41  74  74  27  49  66  45  19  46  21  44  44  42  60  50  51  50  22  48  45  57  15 -30  15  51  57  17  46  15   8  10  43  41  75  24  53  54  16  51  21  30  34  63  38  32 -63  48 -60  74  18  34
  51  19  35  11  48  15  38  63   9  22  72  12  25  40  30  17  13  11  48  26 -32  49  26  39  30  61  28  75  20  28  31  31  20  65   2  16  27  29  67  41  31  47   3  15  40   3  62 -45  36  62  69  50  25  73  54  25  26   2  65  20  28  33  52  43  39 -66  72  26  33  57  73  26  35  66  51
  69  33  68  51  29  18  12  31  69  20  63  31  43  24  32  39   3   7  51  10  25  20  37  56 -28  59  43  28  55  55   9  40  66  12   3  20  62  29  51 -62  35  21  14  19  70  44  56  49  14   3  17  42  65  67  45  24  10  62  61  68  51  35  63  53  63  14  13  71  44  66  12  16  49  62  15
 -63  58  19  74  10  21  30  17  43  44  54  72  69  27   4  33  72  66  61  40  67  34   9  41  64   7  15  47   3  54  20  35  48  66   6  39  18   1  14  31 -72  50  19  74  32   4  60   4   8  28   4 -25  65  48  57  34   8  13  19  43  35  15  29  44   9  53  29  65  43  23 -60  30  14  51   9
   4  57   2  73   5  66  55  41  21   6   0  32  67   7  13  59  63  23  65  45  10  19  61  47  67  56   9  19  36  44  26  37  47  14   0  31   7  46  75  68  16  68  56  41  60  58  46  14  69 -71   2  34  65  59  10  41  40  33  60  69  37  61  40  54  27  50  40 -23  73   6  74  11  -3  59  13
  50  14  30  42   5   0  -2  33  18  29  40  52  51  45  67  39  20 -16  41  69  62  48  37  66  27  45  65  29  58  49  75  39  19  57  45  74  11  28  12  62  55  55  51  35 -31  16  70  27  69  34  12   4  42  10  68  20  26  63  73  13  55   0  41  28  34  42 -32  59  35  13  59  64  75  36  57
  56  29  20  67 -60   1  59  16  45   5  55  37  53  65  26  48  42  16  73   7  75  71  56  25  66  66  25  22  49   0   4  66  27  47  53  60  71  39  19  43  31  70  18  17   6   4  50  71  25  15  47  60  46  38  57  74  71  22  65  44  29  30  51  68  42  15  34  42  32   5  48  59 -20  46  52
   4   2  29   4  35  51  61  75   3  31  52  10 -34  28  58  38  72  11  41  15   8  66  37  62  57  44  61  63  62  45  66 -72  34   3  15  66  27  71  33  54  26  14  51  29   4  43  62  35  35  33  13  23   6  27  47   6  35  69  64  25  22  14  30  59  17  54  62  37  63  50  68  19  65  30  21
  74  54  23  59  16  54  35   1  52  61  59  51  73  27  64  37  45  17  58   2  75   5  58  42  69   2  66  55  46  11  61  75  44  55  74 -23  12  40  47  51  68  73  52  19  46  29  15  33   6  29  33   6   5  56   8  25   4   3  25  51   7  43  -7  10  31   3  51   7  34  60 -18  39  23  54   6
  20  41  43  59  47   6  61   5   2  46   9  62  61  66  75  29  35  19  38  25  56  52   6   1  36  48  23   8  50  30  59  53  45 -55  58  55   7  61  20  21  54  64   4 -12  55  18  21  18  38  35  47  53  52  45  58  35  53  33  69  72   2 -21  18   3  56  34   8  20  52  19  64  16   4  35  30
  23  14  59   0  26   1   0  11  71  33  35  26  67  74 -43  21  28  60  68  42  52 -35  29  70  36  10   8   8  13  56  74  39  69  60  34  63  19  64   3  12  34  56  18  61  67  57  21  43  59  72 -49  55  20  50  57  17  28  42  72  27  70  60   9  73  17  42   7  29  14  75  23  68  73  10  66
  24  62  28  18  49  19  49  61  22  39  44  21   9  45  21  37  70  45  48  18  36 -23  14  24  31  23   2  54  66  43   7  23  39  31  41 -48  51  37  35   2   8  17   4  10  25  42  50  59  45  59  26  37  12  67  27 -51  62  10  28  66  30  71  56  74  66  26   3  51  55  10  21  41  59  29  49
  68  45  32   0 -70  19  42  37  44  34  50  11  69  60  58  62  54  64  60  10  28  52 -52   9  27  39  40  31  18  19  74  60  68  53  61  58  13  55   8  48 -25  25  69  26  42  24  37  10   5  62  45  30   6  58 -40  13 -33  35  64  27  73  38  49   6  36   6  29  74  38  12  17  14  10  59  51
  41   1  27  20  28  37  36  36  30  15  17  71  64  69  52  27  16  39  25  52  59  60  18  11  64   3   2  35  50  24  52  73  10  50  65  32  46  54  47  20  36 -32  47  37  30  56  54  12   9  58  16   5  31  67  30  34  22  36  24  72  10  38  19  14   9   5  66  42  25  73  32  50  46 -36  10
  38  61  14  28  40  46   0  60 -36   5  65  20  20  25  58  30 -44 -48  59   7  48  66  75  30  53  63  34  30  36  53  48  34   5   9 -14 -26  40  74  10  15  66  72  31   8  24 -64  43  25   5  29  73  43  14  37   7  57  47  55  19  52  12  67  18  74  67   4  18  69   2   2  74   5   0  43  44
   7  73  74  16   1  39 -68  74  75  59  20  12 -48   3  27  46 -16  64 -75  55  21  47  32  31  65  28  52  26  74   8  30  45  45  47  13  10  56  36  34   5  61  55  12  23  22  14  29  75   7  10  38  12  10  61  63  18  55  55   4   8   4  48  12  36  70   3  49  32  54  15   3  74  18  39  42
  74  33  35  42  32  63  -8  65  48  66  38   6  28  39  56  37  45  -6   7  15  16  72  46  53  10  18  30  49   9  18  74  17  58  56  49  75  62  15  55  66  18  23  38  35  61  14  71  43  51  33   3  71  69  66  61  39   7  31  74  66  22  56  36  48  69  29  57  72  23  60  49  23  13  46  60
  64  69 -71  73  63 -49  26  11  39  49 -72  31  25  33  64   8  56  13   9  42  31   1  25  27   4  75 -43  22  58 -38  74  53  34  64   6  69  62  41  50  31  20  26  47  16   7  53  61  22  52  42  52  15  73  30  27   1  29  74  34  51 -60  52   3  65  56  57   1  57 -56  55  56  19  74  32  46
  73  67  21  36  17  32 -75  71  22  39   0  44  11  30  -3  41  10  71 -41  37  52 -49  41   7  42  39  59  32  31  54  69  10  26  50  74   4   9  12  39  42  15   5  75  27  14  31   4  66  13  10  40  30  57  57  31  75  17  32  28  45  26  37  17  43  27  33  53  34  39  18  36  52  29  11  32
  61  59  75  40  40  73   8  68   4  27   5  26  19  37  35  58   5  17  67  15   2  15 -15  69  74  37  67  24   7   4  69  40  41  37  71  40  15   9  68   0  31  67  34  13  44  53  13  11  71  38  23  60  70   9 -49  75  70  45  40  68   3  43  31  33  65  13  39  58   7  36  46  38  25  55  42
  21   7 -71  24  75   1   1  67  44  43  25 -35  60  32  54  73  43  47  27  40  12  75  53   9  24  66  69  48  47  67  75   7  52  21  46  16  45  22  52  52 -43  71  59  11  21  24  72  44   4   5  67  54  55  52  25  47  15  39  19  34  58  12  51  18  71  35  55  32  40  69  69  32  29  54  12
100
  93  42  69  56  70  47  80  52  17  38  27  39  36  63  94  23  49  24  88  33  80  22  63  63  32  33  82  11  93   3  71  10  44  21  -9  30  87  42   0  28  13  46  24  10  84  21   2  15  26  13   7  50  15  39  18  51  13  23  86  34  14  99 -54  14  50  80  44  83  55  81  30  52  87  10  96  94  66 -23 -56  35  13  34  72  28  44  33  44  99  72  85  33  82  62   4  23 -22  82  52  72  37
 -89  25  87 -76  40  23   6   6 -30  25   0  67  70   8  12  10  75  22  48  84  38  36  78  26  75 -32  51  42  93  79  83  63  57  52  38  69  19  95  70  14  73  36  31  40  10   6   1  60  36  44  90  64  14  42  61  26  75  49  56  31  86  27  76  49  80  56  31  50  24  84  20  66  74  79  96  37  60  84  69  90  36  50  78  53  93  58   7  23   1  70  44  60  12  43 -71  64  88  17   3  87
   4  66  37  63  65  94  23  86  32  78  60  61  34  44   5  42  81  13  87  39  10  59  70  17  78  24   4  94   3 -25  68  64  57  99  52  20  59  38  24  71  54  12  32  20  74  47  10  76  72  60  57  20 -72  -1  71  11  69  12  28  13  24  62  96 -18   1  61  13   5  87  17  95  21  39  23  99  95  80  25  21  13  69   0  25  21  77  59   2  97  55   9  10  73   4  54  67  99  68  75  53  66
  61 -57  85  51  13  34  52  98  64   1  78  63  33  16  48  51  28  81  66  79  55  26  70 -76  42  80  83  77  40  53  19   4  13  30  21  25  90  81   3  58  19  40 -74  90  70  77  97  69  18  67  18  81  41  60  44  12  90  65  94  36  15  51  75  -2  23  26  15  23  66  21  13  22  20  99  83  32  38  33  96  47  81  34  63  43  65  89 -17  84  84  23  67  10  44  14  69  92  88  19  32  46
  15  57  25  82  60  79  32  87  44  50  85  77  43  77  55  86  64  79  92 -12  72  81  86  21  91  65  33  58  55   0  51  37  35  45  67  55  49  67  62  62  44  47  89  35   7 -80  64  17 -25  41  53   1  59  83  15  68  40  16  84  65  88   9  32 -96  37  57  15  31  13  31  30 -17  83  24  11  46  30  75  13  24  84   8   4  38  28  89  75  35  56  92  17  63  68  -2  23  71  49  45  98  60
  95  60  13  64  48  66  75  17  82  43  71  16  93  22  30  91  79  80  65  95  22  99  48  54  58  20  21  59  84  18  26 -69  87  53  70  64  15  40  89  72  53  51  28  12 -93  49  66  16  32  15  33  95  38  67  42  18 -38  54  36   7  69  95  25  71  34  98  42  24   8  62  74  88  82  79  18  20  67  68 -32  17  20  38  48  39  85   3  46  89   4  76  34  79  16  48  75  92  27  99  87  40
   0   0  73  19  58  27   0  28  51  44  97  47  62  77  92  11  62  32  59  85  72  11  59  91  53  66  34 -82  10  73  15  52  50   7  38 -11  19  76  75  76   1  55  79  45  58  13  99  48  53  65  64  37  39  66  73  40  24  20  48   0   7  90 -49  25  98  14  13  19  87  93  33  53  86 -31  80  95  61  69  89  32  22  26  22  62  52  97  90  72  94  98   8  59  31 -72  65  66  68  73  19  52
   1  90   9  66  93  87  87  70  37  25  24   2  85  59  51  26  39  12  73  54  38   4  94  21  40  19  24  67   1  84  95   1 -50  35  59   3  58  84   1  57  72   9  90   7  11  20  82  79  17  67  34  31  20  94  67  32  77  85  65   9  88  99  33  42  72  77  87  37   1  36   8  92  33  66  86  48  79  22  95  20  49   3   2  69  17  73   2  55  67 -72  80  82 -37  51 -37  63  89  46  82  22
  59  73  78  95  73  23  64  14  21  88  23  33  79  43  23  46  24  96  95  67  87  67  45  64  36  59   0   8   8  93 -47  68  51  74  63  39  91  24  56  36  90  94  12 -51  75  27  95  65  53  67  54  30  98   6  53  82  30  56  25  70 -50  47  70 -95  81  72  97  42  38  98  47  35  48   0  28  57  13  48  62  35  32  43  76  58  75  42  43  45  42  24   4  20  53 -25  87   9  38   9  34  10
  85  87  36 -45  13  15  55  83  62  76  86  90   6  27   3  46  79  78  43  47  44  33   9  50   7  60  23   0  20  51  41  63  13  89  39  84  16  98  87  45  65  37  49  76  37   7  29  39  16  98  93  66  28  66 -97  37  83  31  45   7  85  45   6   3  92  79  93  55  42  57  74  12  86  71  46  92   3 -87 -66  32  16   6  86  94  35  91  74  71  38   7  77  18  68  20  29  52   5 -86 -44  42
  54  53  47  31  42   0  21  51   0  91 -40   4  86  91  96  41  55  93  31  26  42  34  87 -74  90  54  31  81  56  88  94  82  36  60  54  70 -60  66   7  50  38  56  61  86  86  83  50  69  98   3  73  93  85  78   0  29  85  13 -47  42 -93  79  94  90  20   4  27  77  88 -92  46   6  47   5  92  87  61   8  21 -85  20  41  90  49   6  54  83 -25  43  76  61   8  53 -71  77  38  22  61  15  21
  90 -18  36  14  70   6  41   5  70  98   2 -17  59   7  88  85  26  63  60  50  31  40  77  98  19  90  26  42   7  89  81  49  46  68  25  23  -3  52   5  51  53   7   2   9  77  18 -26  73  51  83  99  42  38  51  48  16  27  82   9  71  26  66  41  29  53  83  39  63  59  78  91  21   6   5  12  22  13   9  41  73   3  48 -25 -59  66  71  41  14  94  73  74  43  43  83  60   9  26  86  60  16
 -65  72  95  59  70  11  41  31  92  96  90  25  21  73  73 -72   1  15  76  32  54  10  89  28  75  16  17  90  61  17  15  45  65  74  61  30  39  61  47  96  52  47  14  22  94  91  31  37  83  80  22  91  93  86  39  78  20  89  80  54  39  33  52  99  23  37  50 -77  55   8  40  29  19  79  68  71  92  16   3  95  94  44  29  26  10  79  23  91  28  47  61   3  91   9   0  40  47  67  36  96
  14  87  11  55 -68  94  93  64  41  14  46  32   8  -5   3  57  26  84  57  57  99  49  60  85  29  33  38  50  70  86  85  99  54  86   0  85  56 -74  11  10  76   0  27  90  75  42  95  57   7  77  41  75  47  35  90  66 -49  81  94  28  67  66  37  83  37  73  36  11  89  23  96  63  54  38  70  25  34  52   6  45  71  22  28  29   6  66  18  96  35  73  16  55  35 -93  86  27 -74  69  58  46
  93  55  71  69  13  81  79  75  38  81  22  25  54  28  17  24  91  16  92  74  16  54  32  93  84  73  78  23  90   8  58  80  75  72   9 -83  43  56   7  30  89  59  13  85  70  90  56  43  34  79  41 -85  71  11  23  24  76  61  40  87  59  12  12  59  91  25  32  82  15  47  93  29  42  33  30  94  25  52  14  22  51  98  15  27  32  20  84  79  90  29  80  80  11  49  45 -74  18  83  82  89
  18  86  57 -60  33   0  10   6  34  42  41  77  75  30  12  50  12   2  27  39  54  98  63  81 -53  37  32  38  79  92  46  12  90  22   3  31  14  -6  72  59  33   5   3  81  89  85  80  21  41  99  17  34  13   6  96  50  45  82  65  10  46  90  33  75  89  86  88  63  90 -13  15  41  38  36  52  80  25  89  17  88   1  -1  97  14  61  75   7  35 -32  35  20  65  79  60  65  22  18  94  47  31
  48  36  30 -54  54  11  18  48   0  50  37  20  88  48  99  74  44  77  40  65   5  32  54  66  19  70  48  42  66  10  36  87  56  72  14  20  28  27  55   1  76 -62  39  64  48  30  67  63  58  66  56  51  40  26   9  86  21  69  73  10  39  19  91   8   2  99  57  74  96  26 -62   5  39  99  71  88  47  89 -97  11  13  80  65  21  29  88  80  23  61  60  13  18  59  84   1  13  23  47  58  72
  11  70  55  50  89 -56  66  40  64  80  38   0  71  74  29  23  85  34   4  84  63  91 -22  75  97  53  37  10   6  31  37  51  71 -70  34  67   4   5   2  89  63  11  49  61  11  88  92  18  30  36  42  29  68  98  10   3  10  26  19  87  19  80  30  97  30  55  84  76  54  74  45  50  25  38  47   7  61  75  12  17  78  46   3   2  67  66  64  12  36  52  19  84  82  72  90  48  55  67   4  46
  86  72  79  55  12   2  22  36  66   5   3 -16  85  69  78  32   0  25  93  25  97  62  26  58  68  73  84  92  31  36  78  96   0  58  66  88   6  94  92  62  53   4  56  95  29  88  44  26  23  98  51 -87  32   4  75  12  60  94   0  31  24  73   7  58  44  40  88  82  71  54  84  84   2   8  83  83  36  -8  23  44  81  14  12  85  30  78  54  38  98  68  70  87  88  39   5 -20  87  79  44  20
  53  71  78  83  41   3  45  91  81  79  25 -66  60  26  99  63  61  65   4  41  66   5 -51  95  23  76 -10  15   8  49  14   2  50  20   3  53  15  31  53  15  92   7  77  49  38  35  52  77  51  31   7  76  69   3  42  79  79  82   2  98   7  76  98  76  41  25   5  12  18  11  99   0  78  43  51   4  39  24  28   3  35  59  73  83  26  41  95 -40  26  33  15  33   1   3   9  11  90  90  14  23
  96  15  27   8  66  91   8  59   1  30  66  66  70  78  53  86  41  84  15  33  15  23  67   8  21  55  46  53  46  75  42  35  45  32  34  53  96  36  55  23  50  31  90  73  94   6  20  21  67  10  84  94  78  98  25  91  51  43  57  72   3  53  51  10   7   0  26  62  64  81  52  54  93  -1   4  16  65  73  60  81   6  49  -8  11  35  85   5  67  23  22   7  84  11  15 -23  30  12  73   1 -48
  79  46  39  66  55  19   1   4  18  29  11 -69  80  16  70  88  55  96  39  71  17  39  11  19 -66  65  85  58  39  91   3   5  32  99  77  50  42  89  52  59  78   6  28   9  92  40  75  14  53  23  80  88  70  83  33  63  82  64  49  10  16  40  22  47  35  28  -5  51  80 -60  81  91  15  18  16   6  95  99  37  56  33  79  95  20  61  64 -21  15  21  82  48  51  88  26  72  69  12   2  51  60
   8  67  28  91  19  31  93  50  59  59  30   2  11  59  64  85  90   9  39  24  66  45  24  60  82   4  12  84  76  40  87  88  19  94  82  68  61  28   1  47  70  31  38  25  56  39  92  18  42  26  72  56  45  93  75   1  78  46  54  86  81  78  42  98  83 -41  50  77  98  74  91  21  99 -48  63  44  19  15  25 -71  11   7  47  29   7  48  81  22  36  73  91  21   9  37  54  63  62  25  88  62
   0  83  36  74  99  53 -23  95   0  64  65  13  51  61  16  74  14  52   4  56  36  55  34  52  84  84  18  45  95  49  36  47  25  21  22  32  72  77  89  66  20  49  95  63  25  15   8  75  48  28  22  82  39  82  43  56  80   7  -7  87   6  61  83  40  76   3  55  66  40  35  77  94   9  78  84  53  50  77  37  33  73  16  66  64  56  94  62  63  27  42  14  81   4  29   4  66  78  62  22   0
   7  20  59  33  89  47  79  71  25  40  37  63  35  40  48  50  83  41  52  87  32  74  48  39  44  37  87  32  65  12  28  39  23  82  52  21  28   1  16  86  66  46  56  97  64  41  65   5  65  33  23  19  55   5   0  22   2  22  40  30  63  19  59  37  94  15  59  46  40  67  43  12   5  53  24  51   7  74  96  76  97  21  38  76  41  25  79  37  34  31  84   1  43  98  53   4  38   2   0  74
  95  89  96  55  58  72  55  62  96  15 -69  59  23  45  38  85  13  34  75  80  49  33  94   3  94  82  33  60  94   4  75  31  12  64  56 -67  90  96  16   9  76  21  64  38  71  94  52  89  83  50  66  59  38  78  26  78  54  85  36  11  47  67  37  84  91  66  26  14  52  64  87  60  13  63  45  42  54  38  89  87 -75  79  43   3  73  68  52  17  45  73  48  47  67  21  57  21 -16  93  86  82
  76   4   1  31  85  32  57  86  66  99  12  56   2  40  46 -87  46 -18  65  29  74  93  75  39   9  49  51  47  24  20  73  38  43  92  36  55  92  71  63  34  53 -49  29  26  87  33  36  71 -66  32   0  37 -62  13  -4  79  73  76  23 -81  30  44   1  70  87  52  94 -82  12   1  -7  66  11  42  69  75  74  15  88  68  88  59  17 -49  79  14  40   4  15  20  26  27  38   7  40  79 -22  61  55  11
  75 -96  22  15  14  84  43  66  55  85  26   0  88  66  20  25  51 -27  69   4  72   7  27  73  96  39  37  48  84  78  49  59  64  15  19  60  28  62  43  76 -74  31  58  81  22  37   2  37  81  68  65  85  63  52  78  55   9  83  61  81  51  11  94  59   7  94  94 -33  64  48  13   3  92  21  77  70  99  72  33  78  58  -1  79   3  24  52  84  94  92  68  95  94  93  88  85  60  53  62  91  14
  14  31  50  90  16  44  26  44  41  92  72  23  88 -11  52  64  43  53  95  29  81  36  38  92  89  82  38  29  64  21  42  68  27  81  28   1   7  66 -61  62  91  60  56  28  25  61   3  90  89  17  81  44  93  85   9  58   7  88  17  83  54  65  60  42  62  89 -10  48   7  -9  58  67   6  96  43  70  76  67  35  20 -49  59  93  80  62  91  73  28  95  46  39  52  23  65  40  68  31  24   5  92
  10  77  10  22  59   0  39  39  30  93   7  78  59   8  36  20  42  48  48  18  54  17 -67  22  13  14  94 -26  62   7   6  80  91  84  92   0  43  89   2  77  57  56  52  36   7  78  92   4  32  34   1   0  31  75  49 -60  58  83  19  81  35  79  94  40  10  72  28  31  97  97   4  75  15  55  60  83  62  31  99  84  17 -44  80  23  26  46  18  47  37  64  94  80  11  59  92  16  12  24  26  90
  46  10  67  42   7   2   1  58  11  82  77  32  32 -22  21  58  56  42  21  81  14  29  15  87   1  87  81  41  20  76  46  37  96  60  33   1  90  33  30  17  58  92  24   1  61  96  41  22  83  17  54  16  38  70 -62  82  34  84  51  90  78  17  65  16  73  97  89  60   2  61  52  33  87  43  30  62   4  43  71  81  61  85  69 -15  35  60  64  66  88  21  84  27  46  46  38  88  84  91  12  79
  65  53  53 -29  39  30  62   4  81  26  31  25  54   1  94  62  23  22  99  18  57  86   3  96  33  51  42  28  54  25  20 -30 -18  89  72  77  97  33  72  93  61  21  86  85  76   9  14  58  98  64  65  34  88  51  20  94  66  36  67  64  21  32  91  74  50   1  97  65  65  16  96  19  59  24  18  81 -61  69  24  18  38  11  74  30  41   4  64   0 -21  18 -91  73  11  30  12  50  99  -6  64   1
  32  92  19  53  43  12  97  50  92  22   8  42  77  65  56   3  29  18 -78  42  90  67   5  45  99  53  24  50  55  34  62  74  64  24  12  47  33  12  39   7  33  95  95  46  26  88  89  68  78  80  54  32  17   5  50  62  73  52  81  83  89 -36  62  55  51  92  59  74  62  36  10  56  36  96  67  63  49  52  36  89   2  94  72  99  95  32  84  47  78  95  93  71  90   9  52  68  28  92  28  84
  49  12  28  13  98  18  90  76  63  79  77  46  29  17  56  90  99  34  17  45   1  31  15  92  96   2  68 -86  16   5   8  19  94  85  24  83   2  35  12  85  26  79 -41   4  37  20  55  97  58  17   8  82  86  63  20  69  97  80  99  64  49  26  98  63  50  82  18  48  80   9  63   6  24   7   6  78  20  23  24  36  10  64  29  36  53  39  30  43  64  58  84  74  85   3  50  86  83  79  42  46
  49  47  93  40  85   3  38  64  25  98 -12   0  53  11  77  99  15  95  19  73  22 -37  -7  40  23  32  37  78  79  41  13  61   8  42  65   1  55  92 -81  10  44  33   9  36  94  47  55  49  91 -48  78  67   5  95 -76  66  20  94  73  74  37  42  98  27   5  69  95  92  32  12  65  81  26  69  61  72  25  39  59  44  25  64  12  81  71   2  44  77  42  84  96  62  46  12  13  30  72  55  48  58
  31  89  68  92  62  25  95  89  59   7  61  31   5  30  11  59 -59  69  82  44  79  14  93  79  69  62  27   5  93  75 -70  36  80  30  53  71   0   5  87  45  19  87  90  66  76  11  81  58  58  97  10  23 -67  84  97  12  93  53  54   4   1  54  27   7  28  24  68   2   0  34  66  54  49  99  17  61  25  24  13  85  38   0  68  55  24  71  94  65  53  95  96  28  11  70   3  38   5  46  74  14
  74  47  43 -47   9  12  70  77 -28  38  47  32  89  44  41  27  56 -74  22  58  98  18   4  64  55  46  92  46  57  84  49  89 -83   0  42   1   8  13  57  57   9   4   4  75  50  12  36  79  14  37  64  95  98  97  43  44  50  26  44  29  84  46 -60  58  74  97  11  10   4  71   2  93  41  55  59  71  78   1  73  67  70  24  57  97   4 -97  32  88  26  34  90  73  28 -24  16  34   8  94  74  56
  12   4  82  29  50  41  68  27  -7  93  88  31  -8  84  20  35  16  24  35  33   1  15  46  41 -91  23  46  83  95  64  44  98  85  18  88  94  43  64   3  35  31  22  38  92   1  44  20 -61  54  44   4  93  74  60   8  50  84  34  99  83  97  26  80  85  36  96  29 -95   9  75  89  72  85  67  26  25   0  84  12  48  51  65  71  75 -94  45  93  34  39  97  70  69  61  52  27  43  90  42  95  60
  90   6  97  25  93 -96  40  50   9  68  29  15  58  17  89  60  28  95  32  43  69  37   3  18  47  31  79  86  58   9  64  34  44  78 -19   5  60  22  84   8  16   9  93  98  43  42 -89  85  88  20   5  76  36 -24  63  64   0   2  46  41  33   0  59  39  45  54  27   3  41  12  79  53  90  38   3  53  59  -3  23  35  10  78  45  49  90  20  29  53  82  17  55  89  57  35  89  57  17  22  10  60
   8  14  64  59  50  67  47  17   4  44  24 -77  42  12  99  95  27 -29  29  84  72  16  50  56  88  14  80 -79  34  46 -43  34  17  60  91 -50   0 -92  25  76   0  25   6  32  17  15  99  65  93 -41  43   2  63  87  60  24   5  25  -6  50  54  79  14  32  41 -99   0  96  60  62  26   0  78  27   7  66  50  62  93  91  54  30  35  72  68   3  60  20   0   5  94  60  84  88  63  14  99  62  44  87
  35   4  17  13  59  41  42  65  41 -45  45  21  21  55  50 -11  16  51  78  57  82  73  84  23  49  89  15  52  99  65  62  30  76  66  82  81  73  79  44  64  39  40  72  92  26  20  83  46  18  35  58  30  78  98  69  31  87  18  41   7  29  40  74  13  87  44  25  94  10  69  64  15  42   7  37  51  50  50  82  62   2 -44  28  50  96  66  24  26  92  23  65  86  62  36  16  77  88  19  99  55
   2  24   1  87   0 -87  88  30  87  51   8  53  81 -17  65  48  64  79 -73  70  71   9  59  13  85  84  13   8  84  86  39  84  99  35  74  31  81  39  90  81  55  49  76  69 -14 -74  28   1  91  92  60   6  81  23 -48  97 -38  32   0  48  26  93  97  86   3  50  80  15  63   7  25  37 -81  15  46  73  81  55  98   7   3  73  42  26  28   2  71  61   9  48  65  53  50  36  42  48   1  61  73  91
  48  15  91  12  82  42  98  46  78 -12  65  -8  10  43  62  74  38  92  84  80  71  45  12  93  13  28 -92   6  57  13  84 -27  19  40  36  41  53  69  96  86  14  54  75   3  72  68  76  79  18  99  27  81  11  22  30  94  81 -32  85  48  59   1  97  76  72  41  58  73   6  84 -85   7  19  32  87 -69  63  71  28  16  92 -38  57  37  69  95  90  27  76  28   4 -78 -72  69  44  73  59  26  39  41
  41  31  28 -40  39 -54  13  68  45  53  10  77   1   9  45  38   1  96  44  80  69  12  86  49  83  46  46   3 -13  88  42  62  70  30  38  66 -34  73  82  47  61  67  63  74  36  97  51  95  12   6  32  62  45  33  17   0  92  74  66   0  81  69  83  35 -26  58  77  15  82  60   1  66  36  50  14  68  37  37 -11  64  89  91  75  59   6  86  31  83  52 -83  56  50  31  95  95  77  20  38  59  37
  13  39 -66   5  12  21  36  66  96  77  18  85  40  66 -44  45  42  83  16   3  61  16 -17  20  44  10  56  86  16  42  11  27  38 -46  53 -93  83  16  87  64  54  21  42  87  85  64  59  75  20  88  38  79   5  70  63  98  18   4   0  80  95  95  81  34  17  69  90   9  60  88  45  39  34  50  10  41  65  99  25  58  97  82  19  83  19  19  96  17  71  19  42  58  88 -35  98  88  31  49  22  81
  67  40 -33  81  76  67  59  39  99  69  28  81  71  60  26  35  56  93   0  96  35  50  79  37  75  56  40  71   7   5   8  89  81  24  28   4  40  88 -79  90  95  24  42  16   0  70  11  71  46   3  41  35  24  37 -26 -83  52  30   5  14  57  42  61  94  29  76  20  99  31  81  44  85  41  96  86  19  19  40 -10  48 -11  78  69  22   8  40  15  78  67  79   5  30  41  50  71  43  19  49  51  11
  76  31  77  63  42  67  33  30  81  19  44   1  51  60  19  58  98  36  26  57  17  13   2  17  39  99  52  96  79  13  80  66  79  36  83  87  53  35   1  38  57   2  80  83  84  11  39  25  62  48  91   0  17  19  10  57  80  44  63  33  18  54  83  74   0  82  19  94  14  15  96  50  98  69   2  32  76  11  97  29  16  20  59  44  27  73  24  45   7  89  16  83  94  76  85  95  80   5  26  78
  13   8  73  86  11  16  82  70  82  50  10  54  93  45  61  36  32  31  56  66  16  59   4  93  85  97 -93   7  41  51  27  78  23  92 -37  23  45  24   5  32  66  10  45  34   8  97  45  76  27  34  71  14  20  88  70  55  19  19  67  68  25  90  27  86  31  69   6  12  74  56  38   6  48 -18  18  87  61  70  76  80  92   5  79  71  46  66  42 -17  34  29  15  89  24  73  84  78   9  86  86  29
  49  92  69  97  29  82  98  16  33  39  69  17  91  84  78  68  38  33 -32  40 -60  31  30  98 -44  69 -36  11  81  76 -32  94   6  60  66  23  60  66  99  73  91  97  88  66   4  96  48  54  24  75  33  71  72  10  19   3  43  24  42  60  52  85  49  15   1  77  14  90   9  15  23  59  83  50  81  63  96  48  83  91  85  30  87  38  62  69  74  65  28  76   7  17  77  83  55  13  35   2 -16  18
  28  56  53  93   9  28  80  88  46  28 -29  61  47  21  24  85  43  60   3  95  92  40  85  55  60  81  24  63  63  51  24  77  50  65  22  75  17  39  66  78  18  44  17  95  24  52  20  77  38  19  66  85   5  52  54  33  25  80  43  85  53  20   7  21 -62  38  49  93  76  73  38  79 -61  20  59  42  76  12  69  25  23  35   4  79  61  29  33  58  77  94  49  20  93  22  51  21  28  20 -98  80
  65   8  44  94  70 -97  84 -28  81  71  17  57  26 -74  44  38  67  70  99  25  71  89  96  23  20  20  90  29  37   6  53  87  52   3  49   4  25  30  39   7   1  19  55  86 -56  90 -59   5  80  95  70   3  79  80  22  34 -53  26  79  86  87   4  50  18  18  66  31  74  58  95  52  38  15  60  27   6  40  87   7   4  74  68  24  54  57  99  82  73  96  72  19  75  64  78  70  57  29  89  60  57
 -81  81  35   5  83  16  30  99  86  83  66  84   7  78  48  85  10  95  49  16  69  39  60  36  36   5  48  72  35  49  16  84  27  94  20   5  86  57  71  24  54  48  59  99  86  87  83  20  93  67   5  52  41  86   8  21  53  80   0  16  35   5  93  72  75  60  52  85  83   6  46  30  21  69  95 -63  35  50  51  35  46  95  60  84  67  97  15   2  17  47  59  24  46  65 -45  87  21  19  26   9
  54  35  99   7  45  46  32  35 -63  64  26  87  89  79  65   4  15  32  79  32  47  67  43  13  31  90  99  11 -46  93  22  93  27  65  23  73   4  68  80 -92  93  82  63  51 -63  36  61  17  73  40  90 -14  75  82 -86  53  74  86  39  79  49  56  37  66  46  66  96  87  58  38  30  61  33   5  39  51  55  29  98  45  78  16  83   4  21 -58  -3  94   7  47  30  40  74  31  82  43  40  28  12  62
  13  72  90  49  39  16  72  64   5  -6  50  62  81   8  74  71  54  70  63  39  46  16  50  92  53  94  21  56  88  23  15 -60  67  10  53  55  20  84  72  45  33  67   5  24  22  44 -35  70  89  47  49  72  24  86   1  21  34  33  66  17  51   5  63  59  59  36  94  52  99  23  94  69  48  29  65   1  86   5  51  37  94  31  92  98  24  64  62  58  46  57  13  91   7  12  38  90  17  19  37  34
 -52  71  78  31  69  87  52  19  75  22  57  92  89  20  79  32  10   9  34  19  36  21 -75  61  86  99  31  30  50  14  58  44  35  43  81  68  36  25   4  81  11  39   5   8  75  21   7  42  67   0  28   5  68  33  15  55  63  70  18  41  17  90  50  10  89   7  42   6  37  75  44  11  29  20  99  35  35  67  30  16  57  58  12  31  23  50  45  89  70  82  64  37  62  65  52   8  -5  80  17  88
  45  86  73  82  18  14  56  47   5  64  11  87  66  29  98  65  32  79  62  60  16   5  76  45  45   9  92  99  23 -97  14   2  15  89  13  48 -12  48  79  64  70  42  70  41  26   4 -18 -55  39  76  45  83  31  61  82  46   7   9  10  26  35  74  22  60  19  32   2  83  33   2  20  88  28  81  71  12  51  59  57   2  44  49  22  54  25  22  26  66  43  33  66  81  82  79  48  83  45  15  63  11
  84  40  16  41  33  71  67  88  43  86  42  89  27 -54  41  89  62  42  69  19 -61   2   1   8  54  97  80  82  34  87  97   2  18  43  17  26  20  94  89  67  81  94  57  48  17  32  63  17  84 -27  21   1  53  51  74  36  26  95  26  13   5  10  94  14  69  74  61  31   6  41  89  -3  33  10  99 -95  29  74  -2  89  89  64  76  22  31  32  94  72  87  89  43  53  66  71  25  18  95  77  31  93
  26  92   0  63  47  42  83  31  27  52  20  65  20  25  14  80  88  17  83  12  46  47   2  57  37  99  42  38  63  84  32  98  96   7  72  67  24  15  41  38  24  91  97  61   5  99  57  17  31  90  87  97  28  53  27   0  91  75  85  79  62   8  14  53  52  31  39  16  79  39  53  51  51  97  95  10  25  88  87   0  89  56  29  89   4  76  26  77  51  68   7  95  27  12  15  75  46  59  85  29
  76  40  51  51  20  28  60  91  39  18  63  38  36  98  86  30   3  99  20  25  89  89  47  96   9  76  18   1  79  67   8   6   0  93 -84  -3  63  92  55   0  59  25  61  61  66  89  80  15  27  23  84  38  57   7  93  70  83  96  60  88  34  19  26  67  49  91  51  60  60  75  92  21  81  95  10  80  22  79  89  21  38  30   6  23  32   0  13  87  98  53  28  71  47  24  74 -81   5   9  64  21
  76  55  36  83  50  70  53  23  96   6   4  39   7  90  26   4  33  38  32  73  60  10  53  38   2   9   0  98  36   7  56  67  22  19  97   1  92 -37  18  38  33  21  33  80  27  86  69  89   0  32  85  31  88  79  26  26   0  54   4  21  88  25  41 -32  98  43   5 -39  89  32  49  54  24  60  69  39   4  18   6  39  21  51  28  85  18  24  80  22  60  19  39  35  63  59  85  34  49  83   8 -45
   1  80  39  82  45  12  87  57  96  71  61  25   1  73  29  75  38  58   1  30  50  17   4  73 -76  82  -4   4   6  48 -32  16  38  83  98  50  56  12  11 -64  78  80  74   7  31   0  81 -22  17  12  24  70  19  39  15  24  91  21  92  59  17  25  27 -67  30  31  56  70  34  44  49  67  -6  93  34  26  47  79  83   1  42  30   1 -46  37  65   5  19 -92  84 -67  97  10  22  52 -94  56  96  21   7
   5  12  62  94  89  46 -48  41  -5  11  59  64  17  44  36  79  54  56  92  47  12  31  92   4   1  64  55  13  76  64  55   4  12  36  25  21  50  24  72  23  78   6  13  88  94  35  14  72  73  22  10   6  66  39  83  11  87 -58  65  21   3  41  68  25  80  85  94   9  97  26  14  67  89   2  66  60  10  30  70  14  11  93  74 -18  86  31  73   2  15  92  61  33  32  82  55  46  86 -46  13  69
  54  68  95  46  74  10  21  52  20  77  56   7  35  12  21  82  57  83  72  10  13  74 -39  45  39  59  92  32  23  87  38  25  62  54  21  86 -89  30  34  20  92  72   8   5  96  40  98  50  42  56  82  18  98  28  79   5  88  93  40  94  -2 -97  82  89  44  33  19  94  75 -79  41  72  46  96  79  79  97  87   5  59  25  24  50  90  33  95  77  78  23 -23  10  60  80  75   0  22  76  71  58  62
  19  20  99  61  19  44   4  17 -55  51  94  92  70  13   9  46  30  98  78  11  73  69  62  78  35  -9  69  99  14  22 -96  30  61 -69  11  30 -66  64  35  88  72  39  97  53  61  35  38  83  53   9  13 -36  49   3  72  41  25  35  11  80  67  18  39  23 -53  58  97  31  87  53   9  46  31  16  67  58  31  44  69  52  50  21  94  65  47  13   5  96 -61   6  72  10  58  77  45  84  72 -36  29  73
  38  21  76  29   0  25  67  43 -95  18  50  53  86  40  50  99  12  40  99  71  35  24  75  47  95  65  86  37  37  -2  28  43  56  34  74  25  31  25  49  93  85  84  13  34  72  56  60  49   3  35  20  78  92  43  97  69   2  69  84  23  20  36  65  81  92  71  86  68  93 -63  82  11  86  50   7  96   8   9  88  15  68  38  76  46  55  99  60   3  52  54  81 -65   9  38  28  43  18  97 -17  48
  37  32  12  82  92  40  63  21  39  57  78  41  67  38  61  22  36  10  42  94  71  70  32   6 -13  25  53   1  19  22 -17  68  95  78   9  72  25  99  61  44  28   6  94  96  13   6  53  66  27  14  66  65  66  87  78  73  51  60  97  80  33  12  24  48  20  28  88  35  12  86 -34 -46  91  79  49  58   0  62  11  58 -37 -62  76  28  94  20  73   3  63  91  63  83  46  78  21  93  14  26  18  38
  74  41 -29  60  24  52   6  26   6  46  15  95  60 -58  29  43  29  37  59 -90  37  18  39  34  61  85  13  90  27   0  14   1  -6 -93  77  71   7  13  77  45  95  78  90  20  38  55  68  54  61  91  91  41  46  90  61   6  99  79  83  75  94  95  43  25  60  80  29 -10   5   3  91  49  41  99  47  61  99  88  17  86   0  13  78  80  77   6  86  53  62 -22  35  36   0  38 -24  61  32  32  14  62
  97  13  95  84  10  28  14  35  49  45  52  18  70  55   6  83  70  78  17  17  72  29  53   9  11  41  54  45   6  56  14  57  47  83  17  49  77  37  35  64  18  26  66  42   9  17 -85  75  81  42  42  86  96  97  73  51  81  64  51  61  83  45  60  81  36  70  37  89  -6  15   3 -66  81  20  98   2  43  84   2  63  15  79  65  98 -91  36  16  29  10  20  50  14  10  42  68  65  95  13  51  38
  42  33  96  68  31  61  76  91  79 -90  66  39  59  51  75  11  23  12  17  31  48  36  99  50  87   2  35  26  36   3  72   6  12  47  40  15  42   3  72  20  10  86  31  12  21  45   7  96  82   4  92  30  65  88  66  43  63  40  75  30  23  83  63  96  60 -25  15  69  76  82 -15  81   6  37  39  37  21  90  85  -9   3  77  13  77  12  72 -36  77  36  45  54  95   4  38  37  85  50  59  79  76
  76  16  43  19  61  96 -45  89   0  68  78  91   7  41  65  76  21  33  40  50  24  27  56  52  76  14  88  39  26  86  78  31  34  11  18  60  82  64  22  63  77  45  40  28  97  94  83  15  12  66  62  84  59  77   7  85  86  30  98   4  17  61   3  15  27  50  80  46  26  92  60 -64  60  35  45  62  24  83  87  99  54  79  71  14  55  39  25  27  98  62  94  46  66 -88  34  86  14  37  55  40
  99  45  33  18  37  74  44  17  95   5 -77  46  30  37  13  24  46  37   9  61  25  67  56  13  38  24  32  94  71  25  17  83  95  41  64  32  13 -72  78  95 -95  38  74  62   8  14  26  15  15  16  71  19  29  51  81  67  75  72  72  98  90  17  93  69  85  50  57  30  11  31  97  54  94  80  81  67  73   8  26  74  26  99  43  85  28   4  47  90  39  20  82  79  16 -65  24  76  29  19   5  88
  35  98  43  33  11  78  14  63  91 -94  43  69  95  30  10  60  50   2  52  13  77   8   6  63   7   5   0  96   0  84  47  31  73   6  35  20  50  61  78  72  16  69  99  84  91   2  99  91   9  99   8  85  81  88  73  32  41  58  99   7  89  30  71  34  34  69  78  24  31 -75  91  33  15  75  89  88  25  21  26  78  35   5   9  68   0   1  57  14  10  58  12  67   4  24  85  53 -37  21  58  31
  59  50  55  30  73  74   1   0 -33  49 -92   5  75   7  69  44  24   2  89  19  56  59  47  55   1  14 -46  97  22   9  81  83  85   1  21  68  88  45  99  20  64  61   8  73  93  13  19  76  35  59  10  45  73  65  29  63  89   4  93  25  77  34  34  68  13  89  62   1  50  49  68  68  48 -50  74  28  70  15   3  81  61  65  81  70  36  26   1  35  91  43  14  76  75   6  90  24  31  28  92  67
  23  29   7  12   3  23  70  41  36  86  18  53  12  55  47  57  73  48  87  32  83  66  85  45  71  63  99   9  40  16  17  86  25  12   0   5  29   8  96  25  37  81  74  10  18  85  35 -83  93  14  63  29  53  89  95  69  37  84  71  94  95  64  89  60  94  45  16 -46 -72  45  65  13  73  76   5  47  90  59 -89  78  87  28  54  86  78  80  83  42  61  34  89   3  32  37  74  79  77  21   1  24
  34  94  44  90  54  28  55  13  56  33   2  21  67  11  35  15  13  23   5  39  16  95  94  40  71  13 -94  78  10  86  25  69  62   0  45  87  14  75  18 -70  61  44  53  40  25  98  98   9  34  87  69 -16  57   1  36  30  49  90  16  45  45  99 -71  71  56  18 -69  89  96 -75  44  68   0  15   2  15  38 -41  51  43  97  87  64  49  56  99  25  44  85  15  60  85  83  72  72  29  32  92  94  26
  68   4  92  70  85  50  25   7  97  76  55  45  79  60  29 -63  69  21  44   6  51  49  94  17  75  33  79  95  23  82  22  52   7  48  42  93  44  38  51  63  14  23 -80  60  66  20  56  65   1  16  34  53  31  74  71  45  21  27  24  38  12 -97  33  62  79  85 -59  63  90  50  22  43  13  87  24  78   4  69  49  15  75  15  81  76  98  52  94  89  41  81  91 -77  95  28  89  77  30   2  54  98
  81   6   1  95  71  51  91  45  81 -26  65  18  95  -2  23  15   3  30  47  21  36  39  48  12  25  51  76  59  24   7  91  61  99  46  29  12  14  20  75  52   3  55  79   0  49  73  47  22  50  73  66  94  57  97  12  95  33  59  89  94   7  57  46  33  72  58   3  -9  20  44  18 -80  32  77  79   3  78  13  26  41  60  23  72  79   4  64  14  63  67  94  76  13  45  26  51  44  10  15  32  46
  81  29  43  51  71  91  37  19  37 -85  78  25  67  14  32  97  30  71 -74  66  27  82  38   0  17   4  19  44  43  36  43  35  71  58  95  11  81  81  46  54  30  37  77  81  93  25  98  82   1  26  57   6  61  99  53  56  87  98  13  96  14  93  49  73  20   3  64  88   0  47  77  34  45  37  42  65  41  85   6  92   3  57 -13  71  38   3  55  96  36  33   9  81  19  75  40  71  35  17  92  88
  54  74  86 -66  91  66  46  50  32  40  -9  94   4  45  76  91   5   4  92  52  58  80   8  61  71  21  30  25   8  35  70   9  50  97  81  42  55  55 -76  23   0  56  42  44  54  81  97  88  94  93  26   8 -71  31  53  54  29  51  78  47  52   9  74  58  13  32  51  70  41  52  67  92  35  76  57  47  23  77   9  29  22  82  75  97   3  26  72  55  73  37  60  34  58  43  65  95  81  79  -2   7
   5  25  10  13   4  33  91  53  26  62  63  66  87  59  34  70  68  21  81  81  31  68  41 -29 -34  89 -14  32  80  91  25  64  88  87  42  90  96   5  94  36  99  46  22 -68  39   5  55  23  64  25  40  26  15  46  28  96  76  84  49  62  85  66  25  29   9  37 -17  16  45  22   4  48  94  23   9  86  77  75  66  76  70  93  98  40  86  97  81  79  25  47  10  60  52  90  60 -11   8  59   5  26
  41 -31   4  27 -12  40  85  88  18  45  16  62  18  33  14  86 -23  89  80  75   8  14 -58  22  90  31  68  68  73 -81  29  44  52  97  99  59   4  22  72  94  25  76  72  27  21   2   4  13  86  12  49  95  33   6  32  56  54  71   8  10  45  56  58  79  64  62   8  83  70  47  33   5  50  42  46  42  41   6  29  83  24   4  37   3  28  58  92  23  88  80  17  93  11  46  82  82  15  60  62  51
  62  45 -52  39  57  37  71  52  28   3  36 -46  60  20  99  75   1  54  14  66  80   5  52  91  43   2   3  29  23   2  20  36  49  59  65 -99  94  36  94  26  78  33  53  65  10  96  84  76  81  66  55  13   7  83  54  30 -29  21  44   8  95 -53  79  89  82  50  53   2  98  64  47  49  37  86  60  88  66  57  14  49  75  47  57  73  24 -64  78  17  10  84  74  91  48  91  93  82  61  97  51  49
  48  31  78  16   3  36  86  12  41   5  71  58  44  99  46  72  39  82  33 -12  41  60  83  35  20  14  65  35  39  91  75  29  76  95  19  48  23  74  45 -20  97  98  14  48  30  40  98  56  44  20   5  87  58  28  74  79  30   1  47  52  14  15  94  73  67   0  51   7  61  72  31  40  12  72  51  81 -59  10  35  48  12  46   4  35  53  21  35  79  14  17   7  54  40  26  54  34  51   4  73  47
  30  55  60  20  14  81 -47   3  42  91   3  29  34  13  85  31  63  53  70   8  28  72  98  44  52  70  25  14  46  49  97  31  60  29  90  61  81  31  77  41   3  89  57  89  18  52  21  99  43  58   0  20  73  64  23  42 -67  42  91  99  84  94 -92  76   1  84  71   6  43  45   1  44  55  87  74   6  20  15  34  48  33  83  64  89   4   8  66  89  52  18  82  56  11  83  68  16  81  95  98  55
  43  59  31  70  21  57  12   8  17   2  66  32  21  61  82  39  89  65  63   0  27  94  52  37  65  72  27  33  46  19  15  56   9  62  59   1  77  52  81  69  63 -98  72  65  48  74  90  40  48  49  35  83  24  15   0  11  57  74  49  94  62  95  55   6  22  92  98  32  19  39   4  51  69  69  93  35 -65  52  13  50  54  90  49  90  95   8 -42  29  23  12  32  15   8  15  60  52   9  39   7   8
  88   6  89  65  56  34  83  16  48 -14  18  40  58  67  89  58   9  49  78  27  75  30 -58  97  48  83  96  58  14  39  99  23  43  21  65  35  33  26  52  34 -49  89  29  66  64  13  28 -41  17   2  61  89  50  85  90  87  31  59  75  40  33  14  64  59  28  73  71  73  57  30  19  64  77  59 -82  37  24  -2  16  77  19  44  54  52  27  87  12  21  83  48  91  27  10  70  16  75   3  28  31  72
  71  79  29  30  19  90  98   3  43  36  55  86  67   2  77  98  74  62  21  79  22   9  58  -2  42  94  14  20   8   8  57  43 -96  92  32  72  47  97  16  42  40 -26  64  38  30  88  95  65  72  53  31  30  12  14   7  61  72 -90   2  52  40 -49  38  10  74  34   6  51  49  80  56  42  51  37  80  55  91  62 -58  37  87  85  40  89  95  20  14  84  96  83  41  53   6   1  85  53  31  91   6  74
  98  20  90  73  64  11  53  40 -18  69  68  16  69   1   0  56  41   1  12  72  59   7  42  18  67  70  54  97  38  29  72  97  17  16  71  61  16  50  21  45  64  72  40  20  50  24  69  79  25  47  12  36  88  20  65  92  97   7  21  53  88  67  93  97  42  48  38   9  94  97  67  11  95  79  43  84  12   1   1  95  47  34 -42   8  63  26  86  70  58  16  79  13  87  37  76  64  65  84  43   9
  98  17  64  88  29  19  92  60  89  53  59  82  88  48  50  36  44  79   1  31  25  50  34  22  61  24  45 -40  23   5  26  98  85  89  27  82  69  70  87  17  28  26  23  11  10  99  64  17  12  53  87   6  58  44  48   6  49  63   4  17  71  42  76  66  89  76  59  81  64  94  12   6  29  43  25  95  27  10  65  66  25  99  71   4  66 -50  61  75  43  38  78   1  81  11  60  19  32  93  47  19
  17  34  35  95   8  16  14  35  71  21  80  47  65  25  98  55  76  72  31  56  84  81  74  18  77  44   2  80  17  33  60  86 -43  19   5  36  66   1  21  48  20  89  57  40  92  52  26   6  96  31  68 -26  95  45  80  43  96 -58  38  22  97  46  48  85  81  59  89  66  82  43  62  33  72  20  93  10  16  50   1  17  54  93  95  12  84  29   4   0  61  48  25   0  74  94  50  36  80  16  71  67
  24  65  66   7  42  40  31  72  35  41  82   0  27  80  57 -21   7  17  35  97  76  66  98  54   2  24  14  44  74   1 -84 -77   9  79  84   0  26  88   3  22 -92  33  81  20   5  96  76  52   9  45  12  59  97  -8  45   4  20  97  80  96  14  75  78  80   0  42  44  66  37  21  53  76  15  44  27  20  67  23  62  10  77  61  59  61  65  91  38  26  45  63  97  60  36  17  55  42  13  96  30  68
  73  46  77  63  85  80  27  64 -70  67  74  25  19   2  16 -27  99  14  98  41  15  16  36  60  56  18  62  85  16   3 -38  59  48 -87  56  66  61  28   9  28  91  79  20  72  27 -51  40  98  39  57  96  56  16  71  49  64  11  93  36  76  89  -3  53   1 -26  16  85  81  55  28  85  77  59  63  25  11 -42   9  70   0  73  20  52  91  20  89  36  61  52  99  92  68   1  54  70  80  85  25  44  56
  63  69  15  22  13  72  32  54  87  90  94 -39  74  52  38  55  77  52  86  86  11  86  29  27  31   2   5  95 -91  87  30  88  61  53  76  59  50   9  97  26  70   0  88  43  97  83  75   3  93  54  66  95  41  77  34  39  47   2  55  62  91  93  86  60  82  70  63   0   8  58  64  38  15 -86 -41  50  82  32  34  39  86  46  96  25  76  52   4   7  98  66   2  82  81  15  44  68  33  92  53   6
  17  91  58  82  63  16  92  86  81  60  35  55  95  53  77  95   2  71  57  47 -82  18  12  70  10  46  48  92  79  73   4 -92  84  24 -54   2   4  43  65  26  71  85  50  55  37  25  95 -77  86  47  60  64  17  35  33  26  72  56  63  65  62  51  30  50   5  98  44  27  81  98  64  94   2   5   0  96  18  56  52  23  45  39  29  41  66   8  95  66  17  39  67  34  12  81  58  60  53  96  68  64
  83   1  50  98  17  34  56  49  57  29  35   6  81  27  32  46  14  13  80  91   9  67  22  63   8  35  96  87  91  55  55   9  84  16  26  63  37  -8   6   6  58  37  45  44  12   3  86  31  92  10  19  16  58 -62  76  32  42   2  41   6  91  93  75  -3  42 -64  48  64   0  37  55   4  -5  62  68  43  74  80  90  32  16  76  60  41  30  34  23   6  63  85  68  81  49  48 -58   8  31  44  92  25
  60  23  21  34  39  66   6  23  49  85  96  34  18  34   4  82  40 -38  77   0  29  40   5  56  42  39  44  66  43  40  79  55  92  13  78   0  43  32  79  86  39  62  69  72  14  60  61  40  16  82  33  78  23  71  96  96  92   2  91   4  16  20  16  44  17   8  45  26  21  85  21  22  63   7  59  31   5  47  33  29   7  54  39  52  34  34  70  12  13  90   9  67 -44  -1 -59  34  73  86  63  16
  61  43 -86  66  53  97  68  45  -6 -37   0  52  75  31  56  23  11  34   1  64  97   6  21  14  66  49  16  85  82  49  82  95  32  65  41  38  97  59  12  68 -81  24  92  22  70  68  62  37  15 -58  51   0  50  34  72  20  75  18   8  67  19  12  76   2  21  67   6  79  60   5  57  67 -15  84  27  40  19   5  23  25  57  78  32 -49  70  46  84  16  41  40   9  42  69  40  64  57  32  77  17  72
 -29  96  89  26  38  39  68  23  71  35  51  68  65 -83  70  22  96  94  67  75  26  97  10  17  38  79  87  37  49  44  59  89   4  10  71  50   0  67  63  70  89  61 -72  96  52  44  75  47  57  47  12  91   1  27  48  48  16  31  95  60  13  63  35  18  70  41  23  54  69  95  76  98  21  43  36  91  13 -49  10   5  27  92  95  75  91  13  49  79  42  11  30  68  39  14  29  95  93   0  45  42
  91  63  24   5  63  53  38  52  24   2  15  90  68  98   9  87  70  88  83  67  37  16  43  17  35  93  45  41  59  16  86  30  68  63  70   9  95  15  22  56  49  27  55  48  87  51  61   3  64   2  44  87   7  28   7  77  17  81  36  27  71  31  13  23  47   8  62   9  82  70  21   5  65  93   5  74  44  21  43  52  44  57  36  31   6  81   8  74  58  41   1   5  78  43  10   3  60  21  33  90
  71  73  77   9  34  91  25  49  84  59  63  41  70   4  13  72   9  22  20  79   9  85  28  48  14  27  10   8  91  10  30  14  58   0  88   2   2  89  59  31  98  37 -14  98  83  43  53  68  69  83  94  80  42  77  53  75  33  12  63  22  73  36  85  35  92   8   2  64  97  80   4  70  62  40  71  67  38  91  43  61  92  13   3  86  10  98  93  58  35   9  71  11  21  41  78  16  68  35  45  25
0
